-=-=-=-=-=-=-=-=-=-=-=-=-=-=-=-=-=-=-=-=-=-=-=-=-=-=-

===========================
[[1, 2, 0, 0, 2, 2, 0], [1, 2, 0, 0, 2, 0, 2]] -----
 [[5, 6]]
===========================
[[2, 1, 0, 2, 0, 0, 2], [2, 1, 0, 0, 2, 0, 2]] -----
 [[3, 4]]
===========================
[[1, 0, 2, 0, 2, 2, 0], [1, 2, 0, 0, 2, 2, 0]] -----
 [[1, 2]]
===========================
[[1, 0, 2, 2, 0, 0, 2], [1, 0, 2, 0, 2, 0, 2]] -----
 [[3, 4]]
===========================
[[1, 2, 0, 2, 0, 2, 0], [1, 2, 0, 0, 2, 2, 0]] -----
 [[3, 4]]
===========================
[[1, 0, 2, 0, 2, 2, 0], [1, 0, 2, 0, 2, 0, 2]] -----
 [[5, 6]]
===========================
[[1, 2, 0, 2, 0, 2, 0], [1, 2, 0, 2, 0, 0, 2]] -----
 [[5, 6]]
===========================
[[1, 2, 1, 2, 0, 0, 2], [1, 2, 1, 0, 2, 0, 2]] -----
 [[3, 4]]
===========================
[[1, 2, 0, 2, 0, 0, 2], [1, 2, 0, 0, 2, 0, 2]] -----
 [[3, 4]]
===========================
[[2, 1, 0, 0, 2, 2, 0], [2, 1, 0, 0, 2, 0, 2]] -----
 [[5, 6]]
===========================
[[1, 2, 1, 0, 2, 2, 0], [1, 2, 1, 0, 2, 0, 2]] -----
 [[5, 6]]
===========================
[[1, 2, 0, 0, 2, 2, 0], [2, 1, 0, 0, 2, 2, 0]] -----
 [[0, 1]]
===========================
[[1, 0, 2, 2, 0, 2, 0], [1, 0, 2, 2, 0, 0, 2]] -----
 [[5, 6]]
===========================
[[1, 0, 2, 2, 0, 2, 0], [1, 0, 2, 0, 2, 2, 0]] -----
 [[3, 4]]
===========================
[[1, 2, 0, 2, 0, 0, 2], [2, 1, 0, 2, 0, 0, 2]] -----
 [[0, 1]]
===========================
[[1, 2, 1, 2, 0, 2, 0], [1, 2, 1, 0, 2, 2, 0]] -----
 [[3, 4]]
===========================
[[1, 2, 0, 2, 0, 2, 0], [2, 1, 0, 2, 0, 2, 0]] -----
 [[0, 1]]
===========================
[[1, 2, 0, 0, 2, 0, 2], [2, 1, 0, 0, 2, 0, 2]] -----
 [[0, 1]]
===========================
[[2, 1, 0, 2, 0, 2, 0], [2, 1, 0, 2, 0, 0, 2]] -----
 [[5, 6]]
===========================
[[1, 2, 1, 2, 0, 2, 0], [1, 2, 1, 2, 0, 0, 2]] -----
 [[5, 6]]
===========================
[[1, 0, 2, 2, 0, 0, 2], [1, 2, 0, 2, 0, 0, 2]] -----
 [[1, 2]]
===========================
[[2, 1, 0, 2, 0, 2, 0], [2, 1, 0, 0, 2, 2, 0]] -----
 [[3, 4]]
===========================
[[1, 0, 2, 0, 2, 0, 2], [1, 2, 0, 0, 2, 0, 2]] -----
 [[1, 2]]
===========================
[[1, 0, 2, 2, 0, 2, 0], [1, 2, 0, 2, 0, 2, 0]] -----
 [[1, 2]]


[2, 0, 1, 2, 0, 1],  # f1'
[2, 0, 1, 2, 1, 0],  # f2'
[2, 0, 1, 0, 2, 1],  # f3'
[2, 0, 1, 0, 1, 2],  # f4'
[2, 0, 1, 1, 2, 0],  # f5'
[2, 0, 1, 1, 0, 2],  # f6'
[0, 0, 1, 2, 2, 1],  # f7'
[0, 0, 1, 2, 1, 2],  # f8'
[0, 0, 1, 1, 2, 2],  # f9'
[1, 0, 1, 2, 2, 0],  # f10'
[1, 0, 1, 2, 0, 2],  # f11'
[1, 0, 1, 0, 2, 2],  # f12'